427
121
64
37
418
500
63
507
582
453
181
785
138
1204
298
1036
2933
1143
732
1831
495
2319
372
3008
501
106
2388
323
1796
85
216
609
523
1069
98
1133
640
57
311
682
130
215
1097
284
214
285
978
930
112
160
1416
697
230
83
1828
907
402
1144
1038
997
4
171
140
1251
1364
438
1689
310
1098
411
671
790
1162
15
1450
1204
43
578
546
17
1323
951
49
684
369
1334
3917
3649
104
30
604
1080
1002
559
500
563
1208
66
526
597
676
295
68
2519
556
432
11
2937
30
257
859
294
544
224
279
2109
337
1345
441
848
150
390
320
324
4545
144
711
234
553
39
589
2132
523
3153
137
1451
10
1122
218
39
154
130
653
631
30
175
501
1637
93
1310
5
1271
205
1167
63
10
130
308
1644
148
475
140
355
2
74
1101
264
86
448
34
784
439
1267
681
242
1453
190
34
125
184
324
642
14
77
1209
323
804
1947
131
340
800
63
2650
406
1152
361
60
676
2370
71
661
127
563
654
167
93
1967
1605
948
1068
1538
51
672
208
88
92
1377
207
972
2168
3883
1362
10
163
1000
189
1
158
422
1495
31
2093
219
254
162
683
2521
657
1227
180
752
7
730
157
1041
638
90
283
966
635
126
419
1058
724
659
2110
882
99
1500
112
715
1702
490
958
554
941
652
1814
1165
302
2060
535
168
593
2001
1500
42
2372
859
2492
48
361
318
1493
48
252
3
561
874
317
676
424
369
1431
635
131
159
1979
213
1501
1007
725
397
151
1388
1384
640
106
380
129
43
27
36
461
153
1777
392
1086
631
1255
61
2899
83
270
834
693
28
2877
739
1749
9
672
308
766
255
216
166
1332
2798
152
527
518
21
214
163
627
1213
217
476
101
1202
217
423
132
520
49
73
620
1366
264
1450
297
82
3090
484
819
1997
625
33
317
653
1847
55
918
1218
938
375
828
1089
2460
431
217
1032
1381
4420
816
1207
898
1755
2117
6
824
159
61
1732
1137
672
401
468
528
209
583
938
1432
277
508
161
2353
159
18
46
411
17
182
365
134
15
622
3
721
1054
553
92
1648
1748
476
718
1165
470
164
202
1362
1370
355
100
1210
157
9
1295
995
49
275
257
608
110
6
799
954
282
753
1478
2512
2175
526
62
59
572
536
558
334
422
34
499
1766
3746
1003
148
538
638
301
492
2379
619
585
349
1753
302
357
158
990
959
188
1450
231
27
1604
263
235
955
237
439
898
373
5
142
130
669
594
868
235
1953
470
42
1891
645
1752
343
206
735
3077
1357
810
779
256
1219
5752
1541
562
89
272
789
87
389
646
1753
177
2233
3350
318
1105
435
913
165
7
2247
741
441
156
824
297
172
1693
364
1798
4477
207
103
554
279
3348
1556
78
2619
1038
387
140
144
442
1985
806
971
3961
1437
373
81
1825
596
633
1143
1356
725
688
995
508
52
1644
832
4
213
677
1156
1
105
59
359
2894
310
120
2565
1309
798
888
996
163
750
238
421
1778
602
575
150
777
46
1804
177
180
432
484
88
392
96
1280
861
3866
79
225
3889
457
401
2481
156
231
2104
103
1094
5
360
802
679
1395
828
342
234
1788
304
105
3129
800
311
1021
181
570
280
44
635
201
68
315
1750
193
4458
250
302
235
490
408
611
110
1013
1031
1425
343
582
1198
1002
424
200
797
392
276
100
578
399
568
3132
19
700
1211
4
39
514
319
433
640
945
296
1169
72
905
556
131
92
1488
100
771
342
241
640
2549
114
109
975
1596
2198
1370
866
278
961
154
1050
216
321
46
1530
167
783
101
77
12
2943
622
106
733
566
834
326
6
122
35
228
337
178
580
856
658
284
177
3813
1653
320
727
2494
232
37
36
5
649
221
1006
163
935
966
5166
48
527
114
1096
362
107
1481
829
142
351
314
492
188
2262
793
862
14
801
138
132
1939
260
687
427
1813
807
395
1243
386
576
502
86
136
845
21
289
741
1127
3182
214
124
158
183
436
112
1089
26
21
103
4791
777
918
292
862
496
1927
829
3298
15
141
1610
44
1484
1319
650
450
966
166
588
949
190
2346
745
1756
208
409
92
4901
325
15
87
8
131
763
1581
197
690
131
528
931
1189
200
628
136
1068
710
1589
1964
2078
156
118
1084
2937
790
70
409
272
1045
34
170
41
86
1346
2771
1369
1800
2541
2366
605
2141
4501
16
1860
505
1222
37
1532
2451
2518
177
1502
74
249
1050
101
457
286
2424
14
84
80
238
303
1290
623
869
1567
612
1191
973
496
1446
75
200
216
3466
860
1329
1385
1059
527
331
181
469
129
110
866
496
712
1345
636
1029
147
684
1082
168
3498
69
73
4
1824
369
2406
562
901
467
533
1359
149
1581
2500
1189
2752
399
259
651
1751
35
2348
1013
341
1067
1019
1906
190
838
347
164
2906
36
515
84
945
375
6
720
208
1345
2
272
1805
1564
216
1947
342
34
619
511
949
496
199
401
147
1568
1777
218
197
130
561
1804
755
150
1559
1691
173
42
1429
740
505
202
1002
50
667
286
618
817
307
2753
1114
619
2736
1000
58
788
1556
314
212
846
28
546
787
880
492
1150
553
225
3141
142
286
537
12
2086
120
2657
139
5008
495
762
408
971
162
1050
374
324
3039
588
1919
2314
7
27
320
294
176
1103
715
174
2259
394
3026
2596
3
85
562
1187
151
128
281
395
17
431
217
385
1235
1731
1646
392
2064
330
2038
2836
362
246
2260
308
1139
592
409
142
32
185
753
1054
423
317
963
831
1416
442
129
760
522
60
114
207
10
960
235
1932
519
304
2082
8
156
2273
12
631
257
1129
498
123
3153
183
2181
627
1164
195
759
1388
685
323
411
796
515
382
199
2937
388
1019
353
477
162
19
92
19
27
4637
2285
2489
2
2021
2149
698
239
131
686
2331
44
34
39
427
825
168
4348
248
123
1176
214
559
149
393
1001
612
36
23
307
605
214
636
479
177
673
486
1097
75
920
237
223
2178
846
64
190
822
1326
746
493
234
903
547
715
856
1222
1021
112
8
1314
440
162
944
453
70
485
343
798
244
1425
854
1095
15
2679
538
259
404
213
754
650
12
305
2663
657
672
216
424
232
594
694
4
1407
1316
60
400
522
122
18
2626
540
1351
1184
1341
138
497
1968
1411
49
76
928
949
36
1084
31
145
704
4037
952
682
1953
440
1922
1446
1449
78
324
1306
227
83
254
236
2410
32
1049
2121
127
196
346
83
1066
18
170
322
1047
970
20
3660
33
196
305
1270
431
592
55
15
835
342
105
2504
793
157
79
2122
1323
261
1646
2754
848
21
1125
1298
468
15
352
515
99
554
321
170
558
146
206
102
2834
707
1873
577
92
551
3189
839
46
996
1807
95
931
1569
180
261
1879
2102
47
152
72
2211
884
167
325
45
66
777
1363
1046
1000
368
1103
1692
319
382
18
1373
620
2588
112
2129
225
437
83
440
690
1013
2399
1142
1087
253
950
362
440
562
1112
373
755
726
296
1325
2796
130
167
557
36
633
101
1695
1897
1753
65
698
2105
65
11
406
85
1625
628
747
1438
601
96
1001
728
421
139
314
108
1864
623
88
568
49
1873
233
551
639
4
747
62
460
629
249
404
204
180
2086
78
358
239
41
612
1397
306
1038
1140
628
610
358
587
177
913
99
298
3693
2
998
583
4146
458
2033
2534
469
260
79
1309
662
718
1597
420
1294
1510
8
81
132
108
137
789
2358
170
325
711
181
1410
252
194
561
1878
539
1227
365
1303
837
71
460
99
327
966
724
2786
189
530
1791
199
895
918
101
107
653
810
1779
2865
2771
1891
1084
785
1054
470
1383
541
364
1169
137
2989
1016
101
15
82
1797
713
54
852
224
244
572
417
427
53
263
1364
1455
1479
223
859
947
196
708
51
2938
702
2393
896
2
2315
1857
479
1338
646
466
694
191
25
709
450
2384
749
3392
2263
2957
282
187
12
154
14
2054
730
8
112
1079
851
140
78
360
3529
1191
1526
682
1172
145
73
2543
290
863
244
3775
409
1365
1214
106
241
950
1382
117
250
5864
339
679
1091
2051
1728
1088
662
318
1297
481
325
166
1421
136
522
61
231
138
285
1540
392
571
119
16
3347
6
2433
471
717
2215
823
254
467
139
22
1206
589
1807
309
162
2254
1669
34
756
161
358
15
195
746
1248
226
132
3398
466
716
481
58
861
319
214
533
1125
456
315
1258
40
479
202
463
106
74
1507
2271
1676
50
1221
3
10
88
148
75
1839
356
23
727
77
1038
740
2215
2168
687
96
606
42
104
744
244
445
160
132
2047
912
719
137
511
713
237
498
266
871
3
20
963
550
1265
1177
272
837
930
1145
1652
301
81
35
861
201
337
262
228
184
39
137
1176
1525
1307
1364
22
675
1256
14
84
393
901
196
392
53
19
144
324
1204
144
637
220
423
208
551
1133
626
88
500
1811
1167
87
573
978
18
12
1707
260
438
2756
310
95
1041
441
1314
4
159
213
128
485
751
600
449
854
713
6
1300
687
1331
725
180
18
735
1157
102
294
350
1034
428
88
92
31
425
31
950
597
29
142
2206
312
5
54
67
1923
348
1004
322
1657
3720
166
932
4935
146
327
195
611
47
945
150
683
1039
347
215
56
1014
540
92
502
1749
53
73
383
2035
301
2
327
581
796
75
1048
281
894
579
38
556
38
13
9
180
269
1149
2649
1099
2127
155
591
72
818
151
2406
278
104
1148
2199
2963
541
456
79
105
506
35
646
557
2267
145
79
595
2247
386
421
227
916
1082
722
332
338
51
2515
2159
407
350
142
103
201
101
426
1013
440
462
1375
1882
184
620
220
198
1460
668
1048
1169
2128
30
2844
1095
664
60
354
1088
1119
147
363
178
2448
942
464
1633
82
261
179
1
995
18
60
101
398
64
289
2909
962
162
7
1327
153
220
921
1808
163
398
4
429
99
1733
27
733
178
479
49
1894
171
1375
1140
1142
709
3163
1507
2033
218
699
107
721
945
608
2380
1040
106
903
337
363
11
724
208
1609
3153
1363
3826
1435
107
252
133
740
1218
1245
1921
45
1546
1096
41
216
669
1537
339
610
52
353
1989
358
3515
26
155
538
57
245
703
1056
249
1560
577
464
17
1117
198
543
537
1350
1207
510
420
132
221
942
534
8
1778
1890
817
473
1188
243
2009
826
1473
73
22
37
467
690
428
1443
337
298
1172
170
841
476
685
714
202
22
3
1364
342
697
286
170
566
2731
66
32
99
1177
697
252
667
84
487
673
1055
506
68
248
553
450
422
537
15
154
12
949
162
596
83
226
1575
447
1097
1269
105
597
411
15
118
149
5
743
111
223
117
1642
1894
416
918
2555
883
85
82
1696
1083
301
472
2
86
1712
1608
178
1632
1644
922
1092
1159
650
1220
346
2568
110
288
1737
37
42
127
3
405
673
3577
284
1115
1044
585
231
374
692
2134
181
941
65
1293
53
1084
140
299
51
495
1155
2158
468
291
408
390
1590
70
142
672
1022
448
4415
1849
1589
168
40
2057
50
1571
886
303
419
171
24
27
1672
1620
2266
226
255
101
1513
28
909
348
1427
500
994
163
658
2592
230
50
186
1058
122
1820
2316
85
196
890
343
135
1187
394
527
959
796
1008
285
3661
646
1200
342
2019
2020
2876
78
1686
527
907
4010
533
141
297
799
1418
354
1478
2056
2568
232
85
409
658
2696
722
782
5
1664
1402
257
683
296
261
2008
112
58
377
2004
3409
33
273
68
373
100
1473
293
825
23
119
515
3474
153
3478
4391
689
2672
1341
479
1395
622
869
103
1950
1703
112
2761
8
234
269
1012
3204
238
266
101
321
887
403
710
797
2974
377
192
519
4277
591
1074
2719
814
287
1037
3227
222
3852
2671
1161
8
66
381
106
8
314
172
2796
124
5
10
101
229
466
22
161
51
6590
887
439
1219
368
79
1314
488
538
191
1718
878
316
1001
1489
3109
271
874
3656
183
3030
507
163
1860
447
446
2365
880
51
587
709
3587
355
255
2051
29
848
1403
2
272
209
16
2039
372
1406
328
59
763
252
2156
124
330
1201
2754
925
661
19
602
774
2373
734
219
228
53
2574
111
178
707
802
373
472
185
1728
3820
796
159
1455
265
864
157
138
164
235
1623
2002
130
793
201
46
3583
116
78
412
2907
258
1082
2726
51
388
2599
162
1025
14
96
329
657
58
890
259
793
39
1149
636
74
1347
42
368
1580
612
1619
1382
833
1439
460
574
543
25
2097
248
2198
1280
189
1256
3708
1134
216
324
785
1067
822
312
234
207
1620
760
1974
122
16
266
107
728
231
424
792
535
1650
178
43
275
4663
230
184
275
404
653
1884
695
256
804
28
289
1003
4556
1044
184
145
173
151
543
132
2076
460
181
37
622
3365
1757
564
3372
27
21
1283
61
259
1924
1842
430
46
1273
7
1021
640
355
595
17
2743
187
1092
2044
1308
566
513
63
656
109
2310
1563
723
565
526
1676
487
301
897
1298
1693
209
28
3901
1489
524
106
1490
5035
532
4690
2583
2633
185
1149
460
612
517
1107
912
1135
275
124
479
4792
298
174
1822
332
145
1254
244
792
148
554
2285
214
108
63
1196
1122
25
600
1506
1888
1087
273
850
96
1367
384
15
2916
1485
693
4273
102
186
89
3405
474
2872
15
269
571
1410
670
45
479
1422
617
4066
412
1964
1149
478
502
321
265
1402
273
2220
72
403
688
206
128
333
2832
1715
121
11
477
1696
2770
1552
1066
2293
134
1420
838
624
912
993
1267
42
1375
234
135
1027
2028
263
3864
530
963
973
1899
22
465
1954
518
178
1501
1024
1889
352
308
1861
290
127
856
10
1001
146
666
488
1047
42
507
34
892
2309
1988
3051
412
334
145
43
19
26
10
2903
344
1265
1025
78
283
18
359
318
1116
78
946
61
17
901
186
2810
692
268
3381
143
2291
1027
606
241
492
1061
113
8
698
1042
65
2462
367
320
922
32
1125
44
2907
924
5316
4256
1052
260
658
59
280
408
116
1076
1527
62
92
154
90
1992
678
6
146
133
163
332
394
1728
201
1038
845
226
986
2259
585
1002
2562
1973
885
1375
1564
183
513
6
1886
15
102
63
135
2006
2010
2831
58
651
126
19
678
735
304
613
1417
135
39
87
253
663
111
213
976
650
600
178
3407
1104
1726
220
302
827
737
60
903
570
519
336
154
512
33
1568
209
76
59
289
244
368
1708
767
1352
7
10
580
40
3543
61
302
1143
187
339
2176
609
57
146
358
436
1262
432
341
513
319
12
156
176
744
46
57
324
1176
416
178
109
914
1909
1463
945
683
1925
48
343
1157
1963
452
1237
1077
287
831
959
244
139
1440
20
2948
472
498
44
199
1779
117
72
204
82
1126
292
4205
260
238
495
2025
884
1568
1122
158
812
642
107
2011
360
3645
6
182
39
591
1053
863
482
65
2263
517
1319
1703
5090
423
516
627
940
162
376
1089
3011
3272
495
2065
113
574
32
1465
2681
207
533
871
1212
2654
183
328
23
13
524
31
115
396
179
166
9
845
988
67
3
26
5713
437
199
1968
687
307
624
90
253
529
368
330
1389
1048
627
2612
400
35
1661
65
352
1840
1204
433
1316
4
916
1399
323
815
1604
573
772
1212
1880
183
2067
2543
2366
118
138
841
769
1829
195
45
682
565
6
136
2458
59
211
399
389
1063
40
746
267
107
296
1934
323
1118
737
139
1373
1562
763
2696
7
7
1165
250
1976
123
1237
942
705
24
33
545
130
173
60
1292
701
457
214
412
2320
2187
1118
1156
252
468
2235
548
2572
357
444
308
367
770
286
636
394
347
1167
225
1577
6
3797
615
438
537
1151
1
215
354
160
750
800
401
1423
913
1148
212
284
850
76
432
1282
1171
2553
1294
65
2542
176
955
517
29
798
5656
351
348
1215
160
427
302
179
1729
1167
91
2185
382
972
887
116
565
694
368
247
42
77
516
248
899
27
910
103
235
98
642
119
9
68
330
1397
728
275
68
104
882
121
80
1390
609
913
3364
526
2372
361
734
435
1540
49
632
3033
58
1433
1687
1718
1860
110
309
2017
2356
935
277
258
617
1851
595
499
1428
17
237
196
66
888
695
901
644
1490
386
155
260
51
1302
161
1065
1078
2179
2329
1672
802
787
734
653
1902
1364
14
21
221
143
885
1143
532
262
336
263
1272
1287
81
1047
632
127
41
1717
33
670
353
1134
1353
274
388
672
1650
459
594
2423
282
399
193
270
9
49
21
596
1527
278
1053
2838
2039
1340
593
480
218
258
1221
1239
757
713
1769
633
2129
2249
351
1157
251
321
324
384
154
774
3300
1503
175
1339
2170
80
603
573
1124
1460
273
198
1249
107
306
45
3833
311
230
70
804
26
35
836
104
215
1697
1069
150
1998
242
37
329
163
95
2229
489
3
492
1337
920
399
536
117
319
826
52
1044
3938
90
1383
1554
683
41
599
2548
853
28
107
1065
2903
5
1667
561
2568
305
406
2227
402
885
1171
1484
992
412
3099
430
1093
3098
743
973
917
374
233
3976
2975
801
1945
546
14
100
77
86
1400
517
1795
869
1306
32
495
552
404
478
406
683
254
2077
23
218
184
789
477
1480
3590
819
801
120
826
340
1082
332
2297
168
780
1375
293
374
474
794
554
222
6
126
396
1121
682
946
1529
1095
190
424
7
1174
1087
358
348
32
1497
613
436
1597
1103
216
269
176
549
1420
2881
1100
2753
768
143
1899
189
1110
1779
266
1060
2789
332
9
2346
232
8
66
967
5500
417
731
44
226
2054
122
1820
541
3992
2187
1389
1368
1080
85
798
167
1488
2235
1683
1
8
240
257
1861
87
800
31
1501
1517
82
177
1855
334
1088
1322
8
154
969
843
2362
15
222
416
494
1132
12
411
794
473
3487
1135
86
342
846
1076
79
2804
1773
1424
95
18
1484
1687
1032
498
593
1273
45
2211
373
1858
942
2361
328
440
197
1468
1038
154
1076
301
1376
1714
817
321
1042
833
71
1733
8
1238
880
104
1632
891
57
2453
2075
236
55
121
652
401
1980
407
267
77
257
607
591
251
249
1114
299
579
120
1009
7
358
234
2
2660
253
1191
1101
95
4001
766
30
1157
14
582
5
45
120
1648
1429
1128
345
4
1103
207
99
217
23
423
674
3478
730
117
470
1633
2448
727
641
978
1758
737
1024
293
793
3
53
361
248
426
1905
594
471
618
29
548
338
3069
213
2
588
100
250
783
1206
2084
1328
688
6
27
922
172
4209
206
776
384
433
491
2526
1228
154
687
785
238
30
566
2255
980
21
156
50
121
512
727
351
1168
1
812
952
690
244
732
735
1
128
970
996
741
2169
3042
1439
1283
72
654
193
2983
680
233
1036
26
60
6
391
77
976
739
380
3998
1075
17
401
128
74
173
55
98
92
62
1247
2332
993
1182
1146
870
1018
385
585
608
124
47
340
233
3174
1085
40
1251
1083
138
395
9
693
1087
1300
690
717
142
249
961
81
184
567
56
3014
1801
1412
236
3717
107
2
3385
20
309
644
12
1228
221
1959
4702
531
56
169
228
91
248
1611
1215
327
952
1653
1025
1749
1945
653
239
786
62
72
63
249
275
502
664
2365
2464
761
639
4440
1137
213
244
208
368
3409
60
265
983
1999
2026
1094
1299
2426
142
2319
519
997
106
619
121
986
775
332
321
86
2490
1973
526
158
2393
621
1375
126
1501
1340
119
4429
648
698
153
1692
479
370
1188
1261
303
90
513
316
2544
726
237
6
27
3030
415
256
1279
3
1029
4
710
1820
1626
1293
53
236
526
538
97
1874
47
930
489
203
1312
1699
581
2799
2311
180
1325
1204
257
258
2
1344
775
3093
12
101
334
1328
925
674
598
353
779
410
524
2126
397
24
907
4050
540
1683
27
722
2
463
1558
5
28
2960
49
105
182
2812
706
376
286
223
76
26
1
25
242
833
1004
1413
497
54
181
303
2314
92
63
887
160
2746
1271
206
495
1475
1268
1310
9
591
840
199
73
91
260
81
198
739
14
550
663
10
392
531
196
1111
1507
209
72
147
2196
768
1075
888
455
703
42
900
1098
1413
1123
109
623
461
151
48
157
442
658
254
51
708
1680
100
506
279
624
454
860
16
3478
1400
963
2375
73
583
425
715
289
719
74
19
699
111
1707
611
1033
255
35
177
155
2593
973
55
1923
319
1621
619
934
626
800
363
180
23
727
5
293
1432
1040
248
91
126
257
255
1991
1537
324
2450
1404
69
1547
645
681
286
779
76
280
301
1341
2457
726
1411
386
107
993
376
869
850
125
230
3505
66
845
259
83
40
312
12
96
4940
173
105
687
515
364
694
1662
91
528
984
370
826
412
4506
253
164
230
3453
2036
32
391
147
145
406
262
712
376
200
4631
475
17
35
1067
2186
17
72
730
1167
289
80
360
3216
878
1354
1011
1019
69
59
1604
105
850
846
474
146
1371
15
671
613
23
374
1148
464
1305
1627
705
894
385
499
132
25
154
1103
423
758
324
18
101
96
236
14
483
2395
1199
348
749
77
19
153
1096
1226
144
2668
2399
107
949
154
699
905
20
458
342
96
1895
38
2051
126
1581
1957
2559
536
14
26
37
225
22
1138
112
54
130
16
428
92
644
386
647
356
1237
130
1632
1029
592
2609
2325
608
170
101
928
1014
1020
747
396
2396
148
2531
170
1466
12
1982
676
2281
556
146
317
99
1371
109
325
430
3310
306
231
469
271
41
353
3524
503
786
454
426
2513
207
514
274
226
166
1316
1387
813
1531
689
96
63
141
339
233
275
1507
1922
1269
412
448
3654
1097
44
2875
10
2193
3405
303
1693
2921
314
2127
2357
879
118
913
217
1237
2817
2321
783
3301
1385
1409
885
78
180
1963
1078
1233
106
820
193
176
1726
31
31
73
49
698
863
605
371
244
1382
2251
368
36
527
1441
227
860
171
257
144
31
2394
1869
324
634
35
86
1225
171
1016
631
582
106
97
69
2665
1176
1731
227
507
160
210
5
35
1241
801
439
350
2158
3508
313
532
478
400
16
1188
2408
378
259
365
190
2091
1598
43
2553
2582
374
1640
608
897
76
3311
168
745
878
1501
1004
520
925
190
175
116
1089
692
948
898
71
2897
313
1234
4
194
110
206
1253
1982
2158
1627
3203
1022
757
828
4617
398
163
1872
724
1521
140
18
198
24
894
13
2
1047
60
493
358
1072
2076
441
227
324
358
3638
903
89
157
4144
1523
958
406
3196
1230
289
460
5
413
18
90
54
745
192
566
3424
6
168
1262
7
46
1277
190
83
211
818
148
331
219
331
1470
928
85
2032
195
257
169
1180
1958
144
403
1468
484
60
1087
1119
1364
874
3038
3165
2651
1172
75
989
96
3454
232
615
21
819
14
469
1188
2443
27
1222
2220
58
580
1462
1524
173
1395
200
1592
1897
1417
715
60
211
893
24
611
1420
367
132
7
445
2712
1665
2714
380
2158
539
63
1005
793
1141
670
39
1440
14
288
2393
5302
454
303
736
1422
30
2768
8
376
2544
597
309
333
786
353
1107
16
1832
779
434
844
121
1488
1846
674
278
1279
436
307
201
975
286
364
778
326
852
272
1427
144
316
550
1205
114
326
681
883
764
822
47
664
1359
526
910
1293
1401
387
613
1828
14
224
1652
1192
4788
175
3
562
605
1288
770
234
728
552
725
233
179
347
2985
357
118
73
290
56
270
616
625
183
200
806
553
505
1137
428
1016
96
447
227
5
1037
1189
287
2565
482
1116
4176
6
642
87
849
749
1439
3101
142
515
3053
339
195
511
419
41
1125
291
1
63
235
1996
1047
472
123
592
364
405
67
1182
344
163
592
116
1375
148
796
159
1055
60
240
604
47
655
1664
279
469
1033
206
118
1094
393
395
296
81
570
1833
11
187
1111
2830
263
1510
464
45
266
1200
375
643
193
83
107
901
1701
26
887
1146
186
367
398
27
230
183
1453
263
264
975
327
173
794
630
184
67
1306
23
821
628
1128
18
2134
701
175
1245
313
1399
2175
185
2326
1258
418
400
821
823
1079
228
802
1957
348
16
80
374
568
778
1117
781
4331
1343
575
1146
1502
760
68
398
339
191
540
4055
130
570
265
242
4221
144
632
692
319
252
616
1095
1087
686
1105
135
273
790
904
1239
3230
64
134
33
196
96
7
3253
26
134
63
160
690
1685
1061
1
892
87
2190
1015
668
46
554
179
811
1344
367
1716
1212
33
88
50
232
102
1102
2600
313
504
1400
143
573
1048
203
1712
35
1244
1354
3417
1664
1182
172
401
585
164
444
1196
276
870
38
637
228
735
25
149
1096
212
341
764
589
498
25
510
158
931
61
967
10
231
213
388
35
70
306
490
10
222
531
244
1265
926
83
15
763
2
278
1128
434
911
861
475
2373
627
7
569
655
186
600
86
706
10
375
125
1907
925
4962
1076
107
815
81
269
485
36
1510
131
1013
922
375
1429
113
517
671
3344
870
137
1102
376
742
1816
3
569
403
15
1612
357
1362
1252
480
1037
435
243
190
181
376
592
402
110
2293
7
445
338
871
1085
215
690
